69
69
74
80
114
120
109
74
71
77
74
120
74
72
147
71
95
99
142
135
135
130
120
115
160
135
123
89
154
113
140
120
157
125
135
74
132
142
155
193
164
135
145
203
155
95
99
85
108
121
131
161
121
173
130
110
113
112
103
111
124
137
150
147
127
141
137
150
160
156
156
165
138
138
138
138
138
138
148
148
148
148
143
162
102
133
143
138
118
160
138
138
138
147
103
96
116
120
126
181
112
146
112
175
98
96
112
139
113
113
101
101
96
152
123
184
116
114
123
114
114
123
120
120
120
102
113
93
78
88
114
127
113
138
104
136
163
154
136
136
136
200
169
169
146
169
169
169
169
193
112
169
169
132
179
178
182
105
105
115
110
125
110
89
119
113
99
99
98
107
89
89
95
114
114
113
123
113
122
114
114
127
121
58
98
65
59
54
193
89
95
89
119
54
54
54
54
78
78
54
54
92
142
116
90
168
110
238
194
115
98
98
103
98
133
100
57
166
142
164
166
179
128
67
67
74
64
76
76
64
76
76
74
123
132
142
129
105
115
64
64
64
64
64
64
64
64
64
64
68
68
68
68
68
132
132
74
74
74
74
74
68
68
105
115
64
64
54
54
54
54
63
76
89
76
89
102
63
64
64
54
54
54
54
63
64
64
54
54
54
54
54
74
89
98
113
123
133
131
107
132
142
140
155
170
61
67
166
176
169
157
167
180
183
193
139
149
139
139
139
149
139
110
120
168
163
173
134
144
144
143
143
143
144
134
134
152
152
161
134
111
137
121
124
124
156
94
118
118
118
127
137
110
110
110
94
100
110
109
119
109
119
109
119
100
110
100
118
128
118
128
118
128
100
110
100
110
100
110
100
110
127
100
110
100
110
118
118
124
124
134
134
115
125
118
125
118
92
92
101
54
54
54
97
97
106
107
116
106
116
115
125
122
112
122
88
98
88
59
148
94
118
118
94
94
112
137
147
142
110
120
115
110
120
64
128
128
128
128
154
138
138
138
164
151
173
160
134
143
137
147
120
134
104
128
114
114
113
113
122
104
104
110
129
129
128
138
128
137
129
129
142
136
130
129
129
128
138
138
128
138
120
130
139
134
144
124
100
127
118
100
110
127
137
140
127
137
127
127
118
118
128
118
128
124
133
133
134
71
81
157
157
179
153
110
119
119
119
110
110
110
110
129
129
120
120
120
63
73
137
150
132
120
111
102
135
126
117
123
168
143
169
148
148
157
148
159
159
62
72
141
205
150
159
141
141
145
79
97
97
166
157
140
149
149
93
93
57
64
57
57
57
57
62
62
62
62
62
62
62
62
62
69
69
69
59
59
59
59
69
122
113
132
123
124
54
89
113
113
119
119
113
129
129
129
129
95
105
105
104
123
66
100
106
59
71
115
59
71
61
49
88
88
59
88
59
99
112
125
177
124
127
61
57
122
113
132
123
124
83
83
83
110
143
143
145
61
61
64
61
61
68
71
74
123
123
123
89
89
89
93
93
98
111
72
72
72
72
72
72
72
72
79
79
79
78
105
105
105
105
96
96
96
96
78
78
98
101
112
73
102
111
171
49
57
57
54
148
92
92
123
154
105
123
123
184
143
159
149
103
119
103
146
159
172
185
198
142
101
101
101
101
129
90
147
135
120
142
127
176
106
78
66
73
160
148
155
120
107
130
109
124
111
83
80
112
121
121
97
106
112
121
121
121
97
103
